~~~~~~~~~~~~~~ log opened ~~~~~~~~~~~~~~
++++++++++++++++++++++ BEGIN EYES DATA ++++++++++++++++++++++
z = 0.00
d = 0.10
F = 1.00


rx = 0.31 (18 deg)
ry = -0.42 (-24 deg)


LEFT EYE:
P = \begin{bmatrix}1.000 & 0.000 & 0.000 & 0.000 \\ 0.000 & 1.000 & 0.000 & 0.000 \\ 0.000 & 0.000 & 0.000 & -1.000 \\ 0.050 & 0.000 & 0.000 & 1.000 \end{bmatrix}\\
T = \begin{bmatrix}1.000 & 0.000 & 0.000 & 0.000 \\ 0.000 & 1.000 & 0.000 & 0.000 \\ 0.000 & 0.000 & 1.000 & 0.000 \\ 0.000 & 0.000 & -2.000 & 1.000 \end{bmatrix}\\
Rx = \begin{bmatrix}1.000 & 0.000 & 0.000 & 0.000 \\ 0.000 & 0.952 & 0.305 & 0.000 \\ 0.000 & -0.305 & 0.952 & 0.000 \\ 0.000 & 0.000 & 0.000 & 1.000 \end{bmatrix}\\
Ry = \begin{bmatrix}0.913 & 0.000 & 0.408 & 0.000 \\ 0.000 & 1.000 & 0.000 & 0.000 \\ -0.408 & 0.000 & 0.913 & 0.000 \\ 0.000 & 0.000 & 0.000 & 1.000 \end{bmatrix}\\
CM = Rx * Ry * T * P = \begin{bmatrix}0.913 & -0.124 & 0.000 & -0.388 \\ 0.000 & 0.952 & 0.000 & -0.305 \\ -0.408 & -0.279 & 0.000 & -0.869 \\ 0.050 & 0.000 & 0.000 & 3.000 \end{bmatrix}\\
\begin{bmatrix}-1.000 & -1.000 & -1.000 & 1.000 \\ -1.000 & -1.000 & 1.000 & 1.000 \\ 1.000 & -1.000 & 1.000 & 1.000 \\ 1.000 & -1.000 & -1.000 & 1.000 \\ -1.000 & 1.000 & -1.000 & 1.000 \\ -1.000 & 1.000 & 1.000 & 1.000 \\ 1.000 & 1.000 & 1.000 & 1.000 \\ 1.000 & 1.000 & -1.000 & 1.000 \\ -1.000 & 1.500 & 0.000 & 1.000 \\ 1.000 & 1.500 & 0.000 & 1.000  \end{bmatrix}
 * CM = \begin{bmatrix}176.448 & 314.257 & 0.000 & 1.000 \\ 107.796 & 390.399 & 0.000 & 1.000 \\ 249.152 & 466.205 & 0.000 & 1.000 \\ 266.966 & 339.626 & 0.000 & 1.000 \\ 173.428 & 184.313 & 0.000 & 1.000 \\ 83.476 & 179.372 & 0.000 & 1.000 \\ 271.730 & 173.300 & 0.000 & 1.000 \\ 280.605 & 182.775 & 0.000 & 1.000 \\ 138.279 & 131.864 & 0.000 & 1.000 \\ 283.639 & 110.680 & 0.000 & 1.000  \end{bmatrix}
END LEFT EYE


BEGIN RIGHT EYE:
P = \begin{bmatrix}1.000 & 0.000 & 0.000 & 0.000 \\ 0.000 & 1.000 & 0.000 & 0.000 \\ 0.000 & 0.000 & 0.000 & -1.000 \\ -0.050 & 0.000 & 0.000 & 1.000 \end{bmatrix}\\
T = \begin{bmatrix}1.000 & 0.000 & 0.000 & 0.000 \\ 0.000 & 1.000 & 0.000 & 0.000 \\ 0.000 & 0.000 & 1.000 & 0.000 \\ 0.000 & 0.000 & -2.000 & 1.000 \end{bmatrix}\\
Rx = \begin{bmatrix}1.000 & 0.000 & 0.000 & 0.000 \\ 0.000 & 0.952 & 0.305 & 0.000 \\ 0.000 & -0.305 & 0.952 & 0.000 \\ 0.000 & 0.000 & 0.000 & 1.000 \end{bmatrix}\\
Ry = \begin{bmatrix}0.913 & 0.000 & 0.408 & 0.000 \\ 0.000 & 1.000 & 0.000 & 0.000 \\ -0.408 & 0.000 & 0.913 & 0.000 \\ 0.000 & 0.000 & 0.000 & 1.000 \end{bmatrix}\\
CM = Rx * Ry * T * P = \begin{bmatrix}0.913 & -0.124 & 0.000 & -0.388 \\ 0.000 & 0.952 & 0.000 & -0.305 \\ -0.408 & -0.279 & 0.000 & -0.869 \\ -0.050 & 0.000 & 0.000 & 3.000 \end{bmatrix}\\
\begin{bmatrix}-1.000 & -1.000 & -1.000 & 1.000 \\ -1.000 & -1.000 & 1.000 & 1.000 \\ 1.000 & -1.000 & 1.000 & 1.000 \\ 1.000 & -1.000 & -1.000 & 1.000 \\ -1.000 & 1.000 & -1.000 & 1.000 \\ -1.000 & 1.000 & 1.000 & 1.000 \\ 1.000 & 1.000 & 1.000 & 1.000 \\ 1.000 & 1.000 & -1.000 & 1.000 \\ -1.000 & 1.500 & 0.000 & 1.000 \\ 1.000 & 1.500 & 0.000 & 1.000  \end{bmatrix}
 * CM = \begin{bmatrix}172.152 & 314.257 & 0.000 & 1.000 \\ 100.856 & 390.399 & 0.000 & 1.000 \\ 239.578 & 466.205 & 0.000 & 1.000 \\ 261.789 & 339.626 & 0.000 & 1.000 \\ 168.470 & 184.313 & 0.000 & 1.000 \\ 74.622 & 179.372 & 0.000 & 1.000 \\ 258.090 & 173.300 & 0.000 & 1.000 \\ 274.433 & 182.775 & 0.000 & 1.000 \\ 131.591 & 131.864 & 0.000 & 1.000 \\ 274.539 & 110.680 & 0.000 & 1.000  \end{bmatrix}
END RIGHT EYE


-------------- END EYES DATA ----------------
++++++++++++++++++++++ BEGIN EYES DATA ++++++++++++++++++++++
z = 0.00
d = 0.10
F = 1.00


rx = 0.31 (18 deg)
ry = -0.42 (-24 deg)


LEFT EYE:
P = \begin{bmatrix}1.000 & 0.000 & 0.000 & 0.000 \\ 0.000 & 1.000 & 0.000 & 0.000 \\ 0.000 & 0.000 & 0.000 & -1.000 \\ 0.050 & 0.000 & 0.000 & 1.000 \end{bmatrix}\\
T = \begin{bmatrix}1.000 & 0.000 & 0.000 & 0.000 \\ 0.000 & 1.000 & 0.000 & 0.000 \\ 0.000 & 0.000 & 1.000 & 0.000 \\ 0.000 & 0.000 & -2.000 & 1.000 \end{bmatrix}\\
Rx = \begin{bmatrix}1.000 & 0.000 & 0.000 & 0.000 \\ 0.000 & 0.952 & 0.305 & 0.000 \\ 0.000 & -0.305 & 0.952 & 0.000 \\ 0.000 & 0.000 & 0.000 & 1.000 \end{bmatrix}\\
Ry = \begin{bmatrix}0.913 & 0.000 & 0.408 & 0.000 \\ 0.000 & 1.000 & 0.000 & 0.000 \\ -0.408 & 0.000 & 0.913 & 0.000 \\ 0.000 & 0.000 & 0.000 & 1.000 \end{bmatrix}\\
CM = Rx * Ry * T * P = \begin{bmatrix}0.913 & -0.124 & 0.000 & -0.388 \\ 0.000 & 0.952 & 0.000 & -0.305 \\ -0.408 & -0.279 & 0.000 & -0.869 \\ 0.050 & 0.000 & 0.000 & 3.000 \end{bmatrix}\\
\begin{bmatrix}-1.000 & -1.000 & -1.000 & 1.000 \\ -1.000 & -1.000 & 1.000 & 1.000 \\ 1.000 & -1.000 & 1.000 & 1.000 \\ 1.000 & -1.000 & -1.000 & 1.000 \\ -1.000 & 1.000 & -1.000 & 1.000 \\ -1.000 & 1.000 & 1.000 & 1.000 \\ 1.000 & 1.000 & 1.000 & 1.000 \\ 1.000 & 1.000 & -1.000 & 1.000 \\ -1.000 & 1.500 & 0.000 & 1.000 \\ 1.000 & 1.500 & 0.000 & 1.000  \end{bmatrix}
 * CM = \begin{bmatrix}176.448 & 314.257 & 0.000 & 1.000 \\ 107.796 & 390.399 & 0.000 & 1.000 \\ 249.152 & 466.205 & 0.000 & 1.000 \\ 266.966 & 339.626 & 0.000 & 1.000 \\ 173.428 & 184.313 & 0.000 & 1.000 \\ 83.476 & 179.372 & 0.000 & 1.000 \\ 271.730 & 173.300 & 0.000 & 1.000 \\ 280.605 & 182.775 & 0.000 & 1.000 \\ 138.279 & 131.864 & 0.000 & 1.000 \\ 283.639 & 110.680 & 0.000 & 1.000  \end{bmatrix}
END LEFT EYE


BEGIN RIGHT EYE:
P = \begin{bmatrix}1.000 & 0.000 & 0.000 & 0.000 \\ 0.000 & 1.000 & 0.000 & 0.000 \\ 0.000 & 0.000 & 0.000 & -1.000 \\ -0.050 & 0.000 & 0.000 & 1.000 \end{bmatrix}\\
T = \begin{bmatrix}1.000 & 0.000 & 0.000 & 0.000 \\ 0.000 & 1.000 & 0.000 & 0.000 \\ 0.000 & 0.000 & 1.000 & 0.000 \\ 0.000 & 0.000 & -2.000 & 1.000 \end{bmatrix}\\
Rx = \begin{bmatrix}1.000 & 0.000 & 0.000 & 0.000 \\ 0.000 & 0.952 & 0.305 & 0.000 \\ 0.000 & -0.305 & 0.952 & 0.000 \\ 0.000 & 0.000 & 0.000 & 1.000 \end{bmatrix}\\
Ry = \begin{bmatrix}0.913 & 0.000 & 0.408 & 0.000 \\ 0.000 & 1.000 & 0.000 & 0.000 \\ -0.408 & 0.000 & 0.913 & 0.000 \\ 0.000 & 0.000 & 0.000 & 1.000 \end{bmatrix}\\
CM = Rx * Ry * T * P = \begin{bmatrix}0.913 & -0.124 & 0.000 & -0.388 \\ 0.000 & 0.952 & 0.000 & -0.305 \\ -0.408 & -0.279 & 0.000 & -0.869 \\ -0.050 & 0.000 & 0.000 & 3.000 \end{bmatrix}\\
\begin{bmatrix}-1.000 & -1.000 & -1.000 & 1.000 \\ -1.000 & -1.000 & 1.000 & 1.000 \\ 1.000 & -1.000 & 1.000 & 1.000 \\ 1.000 & -1.000 & -1.000 & 1.000 \\ -1.000 & 1.000 & -1.000 & 1.000 \\ -1.000 & 1.000 & 1.000 & 1.000 \\ 1.000 & 1.000 & 1.000 & 1.000 \\ 1.000 & 1.000 & -1.000 & 1.000 \\ -1.000 & 1.500 & 0.000 & 1.000 \\ 1.000 & 1.500 & 0.000 & 1.000  \end{bmatrix}
 * CM = \begin{bmatrix}172.152 & 314.257 & 0.000 & 1.000 \\ 100.856 & 390.399 & 0.000 & 1.000 \\ 239.578 & 466.205 & 0.000 & 1.000 \\ 261.789 & 339.626 & 0.000 & 1.000 \\ 168.470 & 184.313 & 0.000 & 1.000 \\ 74.622 & 179.372 & 0.000 & 1.000 \\ 258.090 & 173.300 & 0.000 & 1.000 \\ 274.433 & 182.775 & 0.000 & 1.000 \\ 131.591 & 131.864 & 0.000 & 1.000 \\ 274.539 & 110.680 & 0.000 & 1.000  \end{bmatrix}
END RIGHT EYE


-------------- END EYES DATA ----------------
++++++++++++++++++++++ BEGIN EYES DATA ++++++++++++++++++++++
z = 0.00
d = 0.10
F = 1.00


rx = 0.31 (18 deg)
ry = -0.45 (-26 deg)


LEFT EYE:
P = \begin{bmatrix}1.000 & 0.000 & 0.000 & 0.000 \\ 0.000 & 1.000 & 0.000 & 0.000 \\ 0.000 & 0.000 & 0.000 & -1.000 \\ 0.050 & 0.000 & 0.000 & 1.000 \end{bmatrix}\\
T = \begin{bmatrix}1.000 & 0.000 & 0.000 & 0.000 \\ 0.000 & 1.000 & 0.000 & 0.000 \\ 0.000 & 0.000 & 1.000 & 0.000 \\ 0.000 & 0.000 & -2.000 & 1.000 \end{bmatrix}\\
Rx = \begin{bmatrix}1.000 & 0.000 & 0.000 & 0.000 \\ 0.000 & 0.952 & 0.305 & 0.000 \\ 0.000 & -0.305 & 0.952 & 0.000 \\ 0.000 & 0.000 & 0.000 & 1.000 \end{bmatrix}\\
Ry = \begin{bmatrix}0.902 & 0.000 & 0.432 & 0.000 \\ 0.000 & 1.000 & 0.000 & 0.000 \\ -0.432 & 0.000 & 0.902 & 0.000 \\ 0.000 & 0.000 & 0.000 & 1.000 \end{bmatrix}\\
CM = Rx * Ry * T * P = \begin{bmatrix}0.902 & -0.132 & 0.000 & -0.411 \\ 0.000 & 0.952 & 0.000 & -0.305 \\ -0.432 & -0.275 & 0.000 & -0.859 \\ 0.050 & 0.000 & 0.000 & 3.000 \end{bmatrix}\\
\begin{bmatrix}-1.000 & -1.000 & -1.000 & 1.000 \\ -1.000 & -1.000 & 1.000 & 1.000 \\ 1.000 & -1.000 & 1.000 & 1.000 \\ 1.000 & -1.000 & -1.000 & 1.000 \\ -1.000 & 1.000 & -1.000 & 1.000 \\ -1.000 & 1.000 & 1.000 & 1.000 \\ 1.000 & 1.000 & 1.000 & 1.000 \\ 1.000 & 1.000 & -1.000 & 1.000 \\ -1.000 & 1.500 & 0.000 & 1.000 \\ 1.000 & 1.500 & 0.000 & 1.000  \end{bmatrix}
 * CM = \begin{bmatrix}177.988 & 313.929 & 0.000 & 1.000 \\ 107.942 & 388.085 & 0.000 & 1.000 \\ 246.123 & 467.852 & 0.000 & 1.000 \\ 268.258 & 340.940 & 0.000 & 1.000 \\ 175.216 & 184.332 & 0.000 & 1.000 \\ 84.019 & 179.537 & 0.000 & 1.000 \\ 267.596 & 173.153 & 0.000 & 1.000 \\ 282.292 & 182.692 & 0.000 & 1.000 \\ 139.450 & 132.315 & 0.000 & 1.000 \\ 283.559 & 109.831 & 0.000 & 1.000  \end{bmatrix}
END LEFT EYE


BEGIN RIGHT EYE:
P = \begin{bmatrix}1.000 & 0.000 & 0.000 & 0.000 \\ 0.000 & 1.000 & 0.000 & 0.000 \\ 0.000 & 0.000 & 0.000 & -1.000 \\ -0.050 & 0.000 & 0.000 & 1.000 \end{bmatrix}\\
T = \begin{bmatrix}1.000 & 0.000 & 0.000 & 0.000 \\ 0.000 & 1.000 & 0.000 & 0.000 \\ 0.000 & 0.000 & 1.000 & 0.000 \\ 0.000 & 0.000 & -2.000 & 1.000 \end{bmatrix}\\
Rx = \begin{bmatrix}1.000 & 0.000 & 0.000 & 0.000 \\ 0.000 & 0.952 & 0.305 & 0.000 \\ 0.000 & -0.305 & 0.952 & 0.000 \\ 0.000 & 0.000 & 0.000 & 1.000 \end{bmatrix}\\
Ry = \begin{bmatrix}0.902 & 0.000 & 0.432 & 0.000 \\ 0.000 & 1.000 & 0.000 & 0.000 \\ -0.432 & 0.000 & 0.902 & 0.000 \\ 0.000 & 0.000 & 0.000 & 1.000 \end{bmatrix}\\
CM = Rx * Ry * T * P = \begin{bmatrix}0.902 & -0.132 & 0.000 & -0.411 \\ 0.000 & 0.952 & 0.000 & -0.305 \\ -0.432 & -0.275 & 0.000 & -0.859 \\ -0.050 & 0.000 & 0.000 & 3.000 \end{bmatrix}\\
\begin{bmatrix}-1.000 & -1.000 & -1.000 & 1.000 \\ -1.000 & -1.000 & 1.000 & 1.000 \\ 1.000 & -1.000 & 1.000 & 1.000 \\ 1.000 & -1.000 & -1.000 & 1.000 \\ -1.000 & 1.000 & -1.000 & 1.000 \\ -1.000 & 1.000 & 1.000 & 1.000 \\ 1.000 & 1.000 & 1.000 & 1.000 \\ 1.000 & 1.000 & -1.000 & 1.000 \\ -1.000 & 1.500 & 0.000 & 1.000 \\ 1.000 & 1.500 & 0.000 & 1.000  \end{bmatrix}
 * CM = \begin{bmatrix}173.704 & 313.929 & 0.000 & 1.000 \\ 101.082 & 388.085 & 0.000 & 1.000 \\ 236.492 & 467.852 & 0.000 & 1.000 \\ 263.036 & 340.940 & 0.000 & 1.000 \\ 170.272 & 184.332 & 0.000 & 1.000 \\ 75.295 & 179.537 & 0.000 & 1.000 \\ 253.839 & 173.153 & 0.000 & 1.000 \\ 276.056 & 182.692 & 0.000 & 1.000 \\ 132.814 & 132.315 & 0.000 & 1.000 \\ 274.362 & 109.831 & 0.000 & 1.000  \end{bmatrix}
END RIGHT EYE


-------------- END EYES DATA ----------------
++++++++++++++++++++++ BEGIN EYES DATA ++++++++++++++++++++++
z = 0.00
d = 0.10
F = 1.00


rx = 0.31 (18 deg)
ry = -0.47 (-27 deg)


LEFT EYE:
P = \begin{bmatrix}1.000 & 0.000 & 0.000 & 0.000 \\ 0.000 & 1.000 & 0.000 & 0.000 \\ 0.000 & 0.000 & 0.000 & -1.000 \\ 0.050 & 0.000 & 0.000 & 1.000 \end{bmatrix}\\
T = \begin{bmatrix}1.000 & 0.000 & 0.000 & 0.000 \\ 0.000 & 1.000 & 0.000 & 0.000 \\ 0.000 & 0.000 & 1.000 & 0.000 \\ 0.000 & 0.000 & -2.000 & 1.000 \end{bmatrix}\\
Rx = \begin{bmatrix}1.000 & 0.000 & 0.000 & 0.000 \\ 0.000 & 0.952 & 0.305 & 0.000 \\ 0.000 & -0.305 & 0.952 & 0.000 \\ 0.000 & 0.000 & 0.000 & 1.000 \end{bmatrix}\\
Ry = \begin{bmatrix}0.890 & 0.000 & 0.455 & 0.000 \\ 0.000 & 1.000 & 0.000 & 0.000 \\ -0.455 & 0.000 & 0.890 & 0.000 \\ 0.000 & 0.000 & 0.000 & 1.000 \end{bmatrix}\\
CM = Rx * Ry * T * P = \begin{bmatrix}0.890 & -0.139 & 0.000 & -0.433 \\ 0.000 & 0.952 & 0.000 & -0.305 \\ -0.455 & -0.272 & 0.000 & -0.848 \\ 0.050 & 0.000 & 0.000 & 3.000 \end{bmatrix}\\
\begin{bmatrix}-1.000 & -1.000 & -1.000 & 1.000 \\ -1.000 & -1.000 & 1.000 & 1.000 \\ 1.000 & -1.000 & 1.000 & 1.000 \\ 1.000 & -1.000 & -1.000 & 1.000 \\ -1.000 & 1.000 & -1.000 & 1.000 \\ -1.000 & 1.000 & 1.000 & 1.000 \\ 1.000 & 1.000 & 1.000 & 1.000 \\ 1.000 & 1.000 & -1.000 & 1.000 \\ -1.000 & 1.500 & 0.000 & 1.000 \\ 1.000 & 1.500 & 0.000 & 1.000  \end{bmatrix}
 * CM = \begin{bmatrix}179.532 & 313.625 & 0.000 & 1.000 \\ 108.155 & 385.803 & 0.000 & 1.000 \\ 243.006 & 469.399 & 0.000 & 1.000 \\ 269.532 & 342.290 & 0.000 & 1.000 \\ 177.003 & 184.350 & 0.000 & 1.000 \\ 84.640 & 179.699 & 0.000 & 1.000 \\ 263.305 & 173.013 & 0.000 & 1.000 \\ 283.967 & 182.607 & 0.000 & 1.000 \\ 140.640 & 132.752 & 0.000 & 1.000 \\ 283.408 & 108.975 & 0.000 & 1.000  \end{bmatrix}
END LEFT EYE


BEGIN RIGHT EYE:
P = \begin{bmatrix}1.000 & 0.000 & 0.000 & 0.000 \\ 0.000 & 1.000 & 0.000 & 0.000 \\ 0.000 & 0.000 & 0.000 & -1.000 \\ -0.050 & 0.000 & 0.000 & 1.000 \end{bmatrix}\\
T = \begin{bmatrix}1.000 & 0.000 & 0.000 & 0.000 \\ 0.000 & 1.000 & 0.000 & 0.000 \\ 0.000 & 0.000 & 1.000 & 0.000 \\ 0.000 & 0.000 & -2.000 & 1.000 \end{bmatrix}\\
Rx = \begin{bmatrix}1.000 & 0.000 & 0.000 & 0.000 \\ 0.000 & 0.952 & 0.305 & 0.000 \\ 0.000 & -0.305 & 0.952 & 0.000 \\ 0.000 & 0.000 & 0.000 & 1.000 \end{bmatrix}\\
Ry = \begin{bmatrix}0.890 & 0.000 & 0.455 & 0.000 \\ 0.000 & 1.000 & 0.000 & 0.000 \\ -0.455 & 0.000 & 0.890 & 0.000 \\ 0.000 & 0.000 & 0.000 & 1.000 \end{bmatrix}\\
CM = Rx * Ry * T * P = \begin{bmatrix}0.890 & -0.139 & 0.000 & -0.433 \\ 0.000 & 0.952 & 0.000 & -0.305 \\ -0.455 & -0.272 & 0.000 & -0.848 \\ -0.050 & 0.000 & 0.000 & 3.000 \end{bmatrix}\\
\begin{bmatrix}-1.000 & -1.000 & -1.000 & 1.000 \\ -1.000 & -1.000 & 1.000 & 1.000 \\ 1.000 & -1.000 & 1.000 & 1.000 \\ 1.000 & -1.000 & -1.000 & 1.000 \\ -1.000 & 1.000 & -1.000 & 1.000 \\ -1.000 & 1.000 & 1.000 & 1.000 \\ 1.000 & 1.000 & 1.000 & 1.000 \\ 1.000 & 1.000 & -1.000 & 1.000 \\ -1.000 & 1.500 & 0.000 & 1.000 \\ 1.000 & 1.500 & 0.000 & 1.000  \end{bmatrix}
 * CM = \begin{bmatrix}175.258 & 313.625 & 0.000 & 1.000 \\ 101.375 & 385.803 & 0.000 & 1.000 \\ 233.321 & 469.399 & 0.000 & 1.000 \\ 264.263 & 342.290 & 0.000 & 1.000 \\ 172.074 & 184.350 & 0.000 & 1.000 \\ 76.044 & 179.699 & 0.000 & 1.000 \\ 249.438 & 173.013 & 0.000 & 1.000 \\ 277.663 & 182.607 & 0.000 & 1.000 \\ 134.053 & 132.752 & 0.000 & 1.000 \\ 274.113 & 108.975 & 0.000 & 1.000  \end{bmatrix}
END RIGHT EYE


-------------- END EYES DATA ----------------
++++++++++++++++++++++ BEGIN EYES DATA ++++++++++++++++++++++
z = 0.00
d = 0.10
F = 1.00


rx = 0.31 (18 deg)
ry = -0.50 (-29 deg)


LEFT EYE:
P = \begin{bmatrix}1.000 & 0.000 & 0.000 & 0.000 \\ 0.000 & 1.000 & 0.000 & 0.000 \\ 0.000 & 0.000 & 0.000 & -1.000 \\ 0.050 & 0.000 & 0.000 & 1.000 \end{bmatrix}\\
T = \begin{bmatrix}1.000 & 0.000 & 0.000 & 0.000 \\ 0.000 & 1.000 & 0.000 & 0.000 \\ 0.000 & 0.000 & 1.000 & 0.000 \\ 0.000 & 0.000 & -2.000 & 1.000 \end{bmatrix}\\
Rx = \begin{bmatrix}1.000 & 0.000 & 0.000 & 0.000 \\ 0.000 & 0.952 & 0.305 & 0.000 \\ 0.000 & -0.305 & 0.952 & 0.000 \\ 0.000 & 0.000 & 0.000 & 1.000 \end{bmatrix}\\
Ry = \begin{bmatrix}0.878 & 0.000 & 0.478 & 0.000 \\ 0.000 & 1.000 & 0.000 & 0.000 \\ -0.478 & 0.000 & 0.878 & 0.000 \\ 0.000 & 0.000 & 0.000 & 1.000 \end{bmatrix}\\
CM = Rx * Ry * T * P = \begin{bmatrix}0.878 & -0.146 & 0.000 & -0.455 \\ 0.000 & 0.952 & 0.000 & -0.305 \\ -0.478 & -0.268 & 0.000 & -0.836 \\ 0.050 & 0.000 & 0.000 & 3.000 \end{bmatrix}\\
\begin{bmatrix}-1.000 & -1.000 & -1.000 & 1.000 \\ -1.000 & -1.000 & 1.000 & 1.000 \\ 1.000 & -1.000 & 1.000 & 1.000 \\ 1.000 & -1.000 & -1.000 & 1.000 \\ -1.000 & 1.000 & -1.000 & 1.000 \\ -1.000 & 1.000 & 1.000 & 1.000 \\ 1.000 & 1.000 & 1.000 & 1.000 \\ 1.000 & 1.000 & -1.000 & 1.000 \\ -1.000 & 1.500 & 0.000 & 1.000 \\ 1.000 & 1.500 & 0.000 & 1.000  \end{bmatrix}
 * CM = \begin{bmatrix}181.077 & 313.346 & 0.000 & 1.000 \\ 108.434 & 383.555 & 0.000 & 1.000 \\ 239.806 & 470.841 & 0.000 & 1.000 \\ 270.785 & 343.676 & 0.000 & 1.000 \\ 178.792 & 184.367 & 0.000 & 1.000 \\ 85.335 & 179.858 & 0.000 & 1.000 \\ 258.863 & 172.883 & 0.000 & 1.000 \\ 285.627 & 182.520 & 0.000 & 1.000 \\ 141.846 & 133.178 & 0.000 & 1.000 \\ 283.184 & 108.113 & 0.000 & 1.000  \end{bmatrix}
END LEFT EYE


BEGIN RIGHT EYE:
P = \begin{bmatrix}1.000 & 0.000 & 0.000 & 0.000 \\ 0.000 & 1.000 & 0.000 & 0.000 \\ 0.000 & 0.000 & 0.000 & -1.000 \\ -0.050 & 0.000 & 0.000 & 1.000 \end{bmatrix}\\
T = \begin{bmatrix}1.000 & 0.000 & 0.000 & 0.000 \\ 0.000 & 1.000 & 0.000 & 0.000 \\ 0.000 & 0.000 & 1.000 & 0.000 \\ 0.000 & 0.000 & -2.000 & 1.000 \end{bmatrix}\\
Rx = \begin{bmatrix}1.000 & 0.000 & 0.000 & 0.000 \\ 0.000 & 0.952 & 0.305 & 0.000 \\ 0.000 & -0.305 & 0.952 & 0.000 \\ 0.000 & 0.000 & 0.000 & 1.000 \end{bmatrix}\\
Ry = \begin{bmatrix}0.878 & 0.000 & 0.478 & 0.000 \\ 0.000 & 1.000 & 0.000 & 0.000 \\ -0.478 & 0.000 & 0.878 & 0.000 \\ 0.000 & 0.000 & 0.000 & 1.000 \end{bmatrix}\\
CM = Rx * Ry * T * P = \begin{bmatrix}0.878 & -0.146 & 0.000 & -0.455 \\ 0.000 & 0.952 & 0.000 & -0.305 \\ -0.478 & -0.268 & 0.000 & -0.836 \\ -0.050 & 0.000 & 0.000 & 3.000 \end{bmatrix}\\
\begin{bmatrix}-1.000 & -1.000 & -1.000 & 1.000 \\ -1.000 & -1.000 & 1.000 & 1.000 \\ 1.000 & -1.000 & 1.000 & 1.000 \\ 1.000 & -1.000 & -1.000 & 1.000 \\ -1.000 & 1.000 & -1.000 & 1.000 \\ -1.000 & 1.000 & 1.000 & 1.000 \\ 1.000 & 1.000 & 1.000 & 1.000 \\ 1.000 & 1.000 & -1.000 & 1.000 \\ -1.000 & 1.500 & 0.000 & 1.000 \\ 1.000 & 1.500 & 0.000 & 1.000  \end{bmatrix}
 * CM = \begin{bmatrix}176.813 & 313.346 & 0.000 & 1.000 \\ 101.732 & 383.555 & 0.000 & 1.000 \\ 230.071 & 470.841 & 0.000 & 1.000 \\ 265.468 & 343.676 & 0.000 & 1.000 \\ 173.876 & 184.367 & 0.000 & 1.000 \\ 76.864 & 179.858 & 0.000 & 1.000 \\ 244.893 & 172.883 & 0.000 & 1.000 \\ 279.254 & 182.520 & 0.000 & 1.000 \\ 135.307 & 133.178 & 0.000 & 1.000 \\ 273.791 & 108.113 & 0.000 & 1.000  \end{bmatrix}
END RIGHT EYE


-------------- END EYES DATA ----------------
++++++++++++++++++++++ BEGIN EYES DATA ++++++++++++++++++++++
z = 0.00
d = 0.10
F = 1.00


rx = 0.31 (18 deg)
ry = -0.52 (-30 deg)


LEFT EYE:
P = \begin{bmatrix}1.000 & 0.000 & 0.000 & 0.000 \\ 0.000 & 1.000 & 0.000 & 0.000 \\ 0.000 & 0.000 & 0.000 & -1.000 \\ 0.050 & 0.000 & 0.000 & 1.000 \end{bmatrix}\\
T = \begin{bmatrix}1.000 & 0.000 & 0.000 & 0.000 \\ 0.000 & 1.000 & 0.000 & 0.000 \\ 0.000 & 0.000 & 1.000 & 0.000 \\ 0.000 & 0.000 & -2.000 & 1.000 \end{bmatrix}\\
Rx = \begin{bmatrix}1.000 & 0.000 & 0.000 & 0.000 \\ 0.000 & 0.952 & 0.305 & 0.000 \\ 0.000 & -0.305 & 0.952 & 0.000 \\ 0.000 & 0.000 & 0.000 & 1.000 \end{bmatrix}\\
Ry = \begin{bmatrix}0.865 & 0.000 & 0.501 & 0.000 \\ 0.000 & 1.000 & 0.000 & 0.000 \\ -0.501 & 0.000 & 0.865 & 0.000 \\ 0.000 & 0.000 & 0.000 & 1.000 \end{bmatrix}\\
CM = Rx * Ry * T * P = \begin{bmatrix}0.865 & -0.153 & 0.000 & -0.477 \\ 0.000 & 0.952 & 0.000 & -0.305 \\ -0.501 & -0.264 & 0.000 & -0.824 \\ 0.050 & 0.000 & 0.000 & 3.000 \end{bmatrix}\\
\begin{bmatrix}-1.000 & -1.000 & -1.000 & 1.000 \\ -1.000 & -1.000 & 1.000 & 1.000 \\ 1.000 & -1.000 & 1.000 & 1.000 \\ 1.000 & -1.000 & -1.000 & 1.000 \\ -1.000 & 1.000 & -1.000 & 1.000 \\ -1.000 & 1.000 & 1.000 & 1.000 \\ 1.000 & 1.000 & 1.000 & 1.000 \\ 1.000 & 1.000 & -1.000 & 1.000 \\ -1.000 & 1.500 & 0.000 & 1.000 \\ 1.000 & 1.500 & 0.000 & 1.000  \end{bmatrix}
 * CM = \begin{bmatrix}182.625 & 313.093 & 0.000 & 1.000 \\ 108.776 & 381.341 & 0.000 & 1.000 \\ 236.527 & 472.173 & 0.000 & 1.000 \\ 272.017 & 345.099 & 0.000 & 1.000 \\ 180.581 & 184.381 & 0.000 & 1.000 \\ 86.099 & 180.013 & 0.000 & 1.000 \\ 254.279 & 172.761 & 0.000 & 1.000 \\ 287.272 & 182.429 & 0.000 & 1.000 \\ 143.068 & 133.591 & 0.000 & 1.000 \\ 282.885 & 107.245 & 0.000 & 1.000  \end{bmatrix}
END LEFT EYE


BEGIN RIGHT EYE:
P = \begin{bmatrix}1.000 & 0.000 & 0.000 & 0.000 \\ 0.000 & 1.000 & 0.000 & 0.000 \\ 0.000 & 0.000 & 0.000 & -1.000 \\ -0.050 & 0.000 & 0.000 & 1.000 \end{bmatrix}\\
T = \begin{bmatrix}1.000 & 0.000 & 0.000 & 0.000 \\ 0.000 & 1.000 & 0.000 & 0.000 \\ 0.000 & 0.000 & 1.000 & 0.000 \\ 0.000 & 0.000 & -2.000 & 1.000 \end{bmatrix}\\
Rx = \begin{bmatrix}1.000 & 0.000 & 0.000 & 0.000 \\ 0.000 & 0.952 & 0.305 & 0.000 \\ 0.000 & -0.305 & 0.952 & 0.000 \\ 0.000 & 0.000 & 0.000 & 1.000 \end{bmatrix}\\
Ry = \begin{bmatrix}0.865 & 0.000 & 0.501 & 0.000 \\ 0.000 & 1.000 & 0.000 & 0.000 \\ -0.501 & 0.000 & 0.865 & 0.000 \\ 0.000 & 0.000 & 0.000 & 1.000 \end{bmatrix}\\
CM = Rx * Ry * T * P = \begin{bmatrix}0.865 & -0.153 & 0.000 & -0.477 \\ 0.000 & 0.952 & 0.000 & -0.305 \\ -0.501 & -0.264 & 0.000 & -0.824 \\ -0.050 & 0.000 & 0.000 & 3.000 \end{bmatrix}\\
\begin{bmatrix}-1.000 & -1.000 & -1.000 & 1.000 \\ -1.000 & -1.000 & 1.000 & 1.000 \\ 1.000 & -1.000 & 1.000 & 1.000 \\ 1.000 & -1.000 & -1.000 & 1.000 \\ -1.000 & 1.000 & -1.000 & 1.000 \\ -1.000 & 1.000 & 1.000 & 1.000 \\ 1.000 & 1.000 & 1.000 & 1.000 \\ 1.000 & 1.000 & -1.000 & 1.000 \\ -1.000 & 1.500 & 0.000 & 1.000 \\ 1.000 & 1.500 & 0.000 & 1.000  \end{bmatrix}
 * CM = \begin{bmatrix}178.370 & 313.093 & 0.000 & 1.000 \\ 102.150 & 381.341 & 0.000 & 1.000 \\ 226.747 & 472.173 & 0.000 & 1.000 \\ 266.651 & 345.099 & 0.000 & 1.000 \\ 175.677 & 184.381 & 0.000 & 1.000 \\ 77.751 & 180.013 & 0.000 & 1.000 \\ 240.214 & 172.761 & 0.000 & 1.000 \\ 280.828 & 182.429 & 0.000 & 1.000 \\ 136.576 & 133.591 & 0.000 & 1.000 \\ 273.393 & 107.245 & 0.000 & 1.000  \end{bmatrix}
END RIGHT EYE


-------------- END EYES DATA ----------------
++++++++++++++++++++++ BEGIN EYES DATA ++++++++++++++++++++++
z = 0.00
d = 0.10
F = 1.00


rx = 0.31 (18 deg)
ry = -0.55 (-32 deg)


LEFT EYE:
P = \begin{bmatrix}1.000 & 0.000 & 0.000 & 0.000 \\ 0.000 & 1.000 & 0.000 & 0.000 \\ 0.000 & 0.000 & 0.000 & -1.000 \\ 0.050 & 0.000 & 0.000 & 1.000 \end{bmatrix}\\
T = \begin{bmatrix}1.000 & 0.000 & 0.000 & 0.000 \\ 0.000 & 1.000 & 0.000 & 0.000 \\ 0.000 & 0.000 & 1.000 & 0.000 \\ 0.000 & 0.000 & -2.000 & 1.000 \end{bmatrix}\\
Rx = \begin{bmatrix}1.000 & 0.000 & 0.000 & 0.000 \\ 0.000 & 0.952 & 0.305 & 0.000 \\ 0.000 & -0.305 & 0.952 & 0.000 \\ 0.000 & 0.000 & 0.000 & 1.000 \end{bmatrix}\\
Ry = \begin{bmatrix}0.852 & 0.000 & 0.524 & 0.000 \\ 0.000 & 1.000 & 0.000 & 0.000 \\ -0.524 & 0.000 & 0.852 & 0.000 \\ 0.000 & 0.000 & 0.000 & 1.000 \end{bmatrix}\\
CM = Rx * Ry * T * P = \begin{bmatrix}0.852 & -0.160 & 0.000 & -0.499 \\ 0.000 & 0.952 & 0.000 & -0.305 \\ -0.524 & -0.260 & 0.000 & -0.811 \\ 0.050 & 0.000 & 0.000 & 3.000 \end{bmatrix}\\
\begin{bmatrix}-1.000 & -1.000 & -1.000 & 1.000 \\ -1.000 & -1.000 & 1.000 & 1.000 \\ 1.000 & -1.000 & 1.000 & 1.000 \\ 1.000 & -1.000 & -1.000 & 1.000 \\ -1.000 & 1.000 & -1.000 & 1.000 \\ -1.000 & 1.000 & 1.000 & 1.000 \\ 1.000 & 1.000 & 1.000 & 1.000 \\ 1.000 & 1.000 & -1.000 & 1.000 \\ -1.000 & 1.500 & 0.000 & 1.000 \\ 1.000 & 1.500 & 0.000 & 1.000  \end{bmatrix}
 * CM = \begin{bmatrix}184.174 & 312.863 & 0.000 & 1.000 \\ 109.178 & 379.162 & 0.000 & 1.000 \\ 233.177 & 473.392 & 0.000 & 1.000 \\ 273.227 & 346.558 & 0.000 & 1.000 \\ 182.371 & 184.395 & 0.000 & 1.000 \\ 86.930 & 180.165 & 0.000 & 1.000 \\ 249.563 & 172.650 & 0.000 & 1.000 \\ 288.900 & 182.336 & 0.000 & 1.000 \\ 144.305 & 133.993 & 0.000 & 1.000 \\ 282.508 & 106.371 & 0.000 & 1.000  \end{bmatrix}
END LEFT EYE


BEGIN RIGHT EYE:
P = \begin{bmatrix}1.000 & 0.000 & 0.000 & 0.000 \\ 0.000 & 1.000 & 0.000 & 0.000 \\ 0.000 & 0.000 & 0.000 & -1.000 \\ -0.050 & 0.000 & 0.000 & 1.000 \end{bmatrix}\\
T = \begin{bmatrix}1.000 & 0.000 & 0.000 & 0.000 \\ 0.000 & 1.000 & 0.000 & 0.000 \\ 0.000 & 0.000 & 1.000 & 0.000 \\ 0.000 & 0.000 & -2.000 & 1.000 \end{bmatrix}\\
Rx = \begin{bmatrix}1.000 & 0.000 & 0.000 & 0.000 \\ 0.000 & 0.952 & 0.305 & 0.000 \\ 0.000 & -0.305 & 0.952 & 0.000 \\ 0.000 & 0.000 & 0.000 & 1.000 \end{bmatrix}\\
Ry = \begin{bmatrix}0.852 & 0.000 & 0.524 & 0.000 \\ 0.000 & 1.000 & 0.000 & 0.000 \\ -0.524 & 0.000 & 0.852 & 0.000 \\ 0.000 & 0.000 & 0.000 & 1.000 \end{bmatrix}\\
CM = Rx * Ry * T * P = \begin{bmatrix}0.852 & -0.160 & 0.000 & -0.499 \\ 0.000 & 0.952 & 0.000 & -0.305 \\ -0.524 & -0.260 & 0.000 & -0.811 \\ -0.050 & 0.000 & 0.000 & 3.000 \end{bmatrix}\\
\begin{bmatrix}-1.000 & -1.000 & -1.000 & 1.000 \\ -1.000 & -1.000 & 1.000 & 1.000 \\ 1.000 & -1.000 & 1.000 & 1.000 \\ 1.000 & -1.000 & -1.000 & 1.000 \\ -1.000 & 1.000 & -1.000 & 1.000 \\ -1.000 & 1.000 & 1.000 & 1.000 \\ 1.000 & 1.000 & 1.000 & 1.000 \\ 1.000 & 1.000 & -1.000 & 1.000 \\ -1.000 & 1.500 & 0.000 & 1.000 \\ 1.000 & 1.500 & 0.000 & 1.000  \end{bmatrix}
 * CM = \begin{bmatrix}179.927 & 312.863 & 0.000 & 1.000 \\ 102.628 & 379.162 & 0.000 & 1.000 \\ 223.354 & 473.392 & 0.000 & 1.000 \\ 267.810 & 346.558 & 0.000 & 1.000 \\ 177.477 & 184.395 & 0.000 & 1.000 \\ 78.702 & 180.165 & 0.000 & 1.000 \\ 235.410 & 172.650 & 0.000 & 1.000 \\ 282.383 & 182.336 & 0.000 & 1.000 \\ 137.859 & 133.993 & 0.000 & 1.000 \\ 272.918 & 106.371 & 0.000 & 1.000  \end{bmatrix}
END RIGHT EYE


-------------- END EYES DATA ----------------
++++++++++++++++++++++ BEGIN EYES DATA ++++++++++++++++++++++
z = 0.00
d = 0.10
F = 1.00


rx = 0.31 (18 deg)
ry = -0.58 (-33 deg)


LEFT EYE:
P = \begin{bmatrix}1.000 & 0.000 & 0.000 & 0.000 \\ 0.000 & 1.000 & 0.000 & 0.000 \\ 0.000 & 0.000 & 0.000 & -1.000 \\ 0.050 & 0.000 & 0.000 & 1.000 \end{bmatrix}\\
T = \begin{bmatrix}1.000 & 0.000 & 0.000 & 0.000 \\ 0.000 & 1.000 & 0.000 & 0.000 \\ 0.000 & 0.000 & 1.000 & 0.000 \\ 0.000 & 0.000 & -2.000 & 1.000 \end{bmatrix}\\
Rx = \begin{bmatrix}1.000 & 0.000 & 0.000 & 0.000 \\ 0.000 & 0.952 & 0.305 & 0.000 \\ 0.000 & -0.305 & 0.952 & 0.000 \\ 0.000 & 0.000 & 0.000 & 1.000 \end{bmatrix}\\
Ry = \begin{bmatrix}0.838 & 0.000 & 0.546 & 0.000 \\ 0.000 & 1.000 & 0.000 & 0.000 \\ -0.546 & 0.000 & 0.838 & 0.000 \\ 0.000 & 0.000 & 0.000 & 1.000 \end{bmatrix}\\
CM = Rx * Ry * T * P = \begin{bmatrix}0.838 & -0.167 & 0.000 & -0.520 \\ 0.000 & 0.952 & 0.000 & -0.305 \\ -0.546 & -0.256 & 0.000 & -0.798 \\ 0.050 & 0.000 & 0.000 & 3.000 \end{bmatrix}\\
\begin{bmatrix}-1.000 & -1.000 & -1.000 & 1.000 \\ -1.000 & -1.000 & 1.000 & 1.000 \\ 1.000 & -1.000 & 1.000 & 1.000 \\ 1.000 & -1.000 & -1.000 & 1.000 \\ -1.000 & 1.000 & -1.000 & 1.000 \\ -1.000 & 1.000 & 1.000 & 1.000 \\ 1.000 & 1.000 & 1.000 & 1.000 \\ 1.000 & 1.000 & -1.000 & 1.000 \\ -1.000 & 1.500 & 0.000 & 1.000 \\ 1.000 & 1.500 & 0.000 & 1.000  \end{bmatrix}
 * CM = \begin{bmatrix}185.725 & 312.659 & 0.000 & 1.000 \\ 109.639 & 377.019 & 0.000 & 1.000 \\ 229.760 & 474.493 & 0.000 & 1.000 \\ 274.413 & 348.055 & 0.000 & 1.000 \\ 184.162 & 184.407 & 0.000 & 1.000 \\ 87.823 & 180.314 & 0.000 & 1.000 \\ 244.723 & 172.549 & 0.000 & 1.000 \\ 290.511 & 182.241 & 0.000 & 1.000 \\ 145.557 & 134.382 & 0.000 & 1.000 \\ 282.053 & 105.494 & 0.000 & 1.000  \end{bmatrix}
END LEFT EYE


BEGIN RIGHT EYE:
P = \begin{bmatrix}1.000 & 0.000 & 0.000 & 0.000 \\ 0.000 & 1.000 & 0.000 & 0.000 \\ 0.000 & 0.000 & 0.000 & -1.000 \\ -0.050 & 0.000 & 0.000 & 1.000 \end{bmatrix}\\
T = \begin{bmatrix}1.000 & 0.000 & 0.000 & 0.000 \\ 0.000 & 1.000 & 0.000 & 0.000 \\ 0.000 & 0.000 & 1.000 & 0.000 \\ 0.000 & 0.000 & -2.000 & 1.000 \end{bmatrix}\\
Rx = \begin{bmatrix}1.000 & 0.000 & 0.000 & 0.000 \\ 0.000 & 0.952 & 0.305 & 0.000 \\ 0.000 & -0.305 & 0.952 & 0.000 \\ 0.000 & 0.000 & 0.000 & 1.000 \end{bmatrix}\\
Ry = \begin{bmatrix}0.838 & 0.000 & 0.546 & 0.000 \\ 0.000 & 1.000 & 0.000 & 0.000 \\ -0.546 & 0.000 & 0.838 & 0.000 \\ 0.000 & 0.000 & 0.000 & 1.000 \end{bmatrix}\\
CM = Rx * Ry * T * P = \begin{bmatrix}0.838 & -0.167 & 0.000 & -0.520 \\ 0.000 & 0.952 & 0.000 & -0.305 \\ -0.546 & -0.256 & 0.000 & -0.798 \\ -0.050 & 0.000 & 0.000 & 3.000 \end{bmatrix}\\
\begin{bmatrix}-1.000 & -1.000 & -1.000 & 1.000 \\ -1.000 & -1.000 & 1.000 & 1.000 \\ 1.000 & -1.000 & 1.000 & 1.000 \\ 1.000 & -1.000 & -1.000 & 1.000 \\ -1.000 & 1.000 & -1.000 & 1.000 \\ -1.000 & 1.000 & 1.000 & 1.000 \\ 1.000 & 1.000 & 1.000 & 1.000 \\ 1.000 & 1.000 & -1.000 & 1.000 \\ -1.000 & 1.500 & 0.000 & 1.000 \\ 1.000 & 1.500 & 0.000 & 1.000  \end{bmatrix}
 * CM = \begin{bmatrix}181.485 & 312.659 & 0.000 & 1.000 \\ 103.163 & 377.019 & 0.000 & 1.000 \\ 219.898 & 474.493 & 0.000 & 1.000 \\ 268.943 & 348.055 & 0.000 & 1.000 \\ 179.277 & 184.407 & 0.000 & 1.000 \\ 79.712 & 180.314 & 0.000 & 1.000 \\ 230.491 & 172.549 & 0.000 & 1.000 \\ 283.918 & 182.241 & 0.000 & 1.000 \\ 139.155 & 134.382 & 0.000 & 1.000 \\ 272.362 & 105.494 & 0.000 & 1.000  \end{bmatrix}
END RIGHT EYE


-------------- END EYES DATA ----------------
++++++++++++++++++++++ BEGIN EYES DATA ++++++++++++++++++++++
z = 0.00
d = 0.10
F = 1.00


rx = 0.31 (18 deg)
ry = -0.60 (-35 deg)


LEFT EYE:
P = \begin{bmatrix}1.000 & 0.000 & 0.000 & 0.000 \\ 0.000 & 1.000 & 0.000 & 0.000 \\ 0.000 & 0.000 & 0.000 & -1.000 \\ 0.050 & 0.000 & 0.000 & 1.000 \end{bmatrix}\\
T = \begin{bmatrix}1.000 & 0.000 & 0.000 & 0.000 \\ 0.000 & 1.000 & 0.000 & 0.000 \\ 0.000 & 0.000 & 1.000 & 0.000 \\ 0.000 & 0.000 & -2.000 & 1.000 \end{bmatrix}\\
Rx = \begin{bmatrix}1.000 & 0.000 & 0.000 & 0.000 \\ 0.000 & 0.952 & 0.305 & 0.000 \\ 0.000 & -0.305 & 0.952 & 0.000 \\ 0.000 & 0.000 & 0.000 & 1.000 \end{bmatrix}\\
Ry = \begin{bmatrix}0.823 & 0.000 & 0.567 & 0.000 \\ 0.000 & 1.000 & 0.000 & 0.000 \\ -0.567 & 0.000 & 0.823 & 0.000 \\ 0.000 & 0.000 & 0.000 & 1.000 \end{bmatrix}\\
CM = Rx * Ry * T * P = \begin{bmatrix}0.823 & -0.173 & 0.000 & -0.540 \\ 0.000 & 0.952 & 0.000 & -0.305 \\ -0.567 & -0.251 & 0.000 & -0.784 \\ 0.050 & 0.000 & 0.000 & 3.000 \end{bmatrix}\\
\begin{bmatrix}-1.000 & -1.000 & -1.000 & 1.000 \\ -1.000 & -1.000 & 1.000 & 1.000 \\ 1.000 & -1.000 & 1.000 & 1.000 \\ 1.000 & -1.000 & -1.000 & 1.000 \\ -1.000 & 1.000 & -1.000 & 1.000 \\ -1.000 & 1.000 & 1.000 & 1.000 \\ 1.000 & 1.000 & 1.000 & 1.000 \\ 1.000 & 1.000 & -1.000 & 1.000 \\ -1.000 & 1.500 & 0.000 & 1.000 \\ 1.000 & 1.500 & 0.000 & 1.000  \end{bmatrix}
 * CM = \begin{bmatrix}187.278 & 312.478 & 0.000 & 1.000 \\ 110.155 & 374.913 & 0.000 & 1.000 \\ 226.282 & 475.473 & 0.000 & 1.000 \\ 275.573 & 349.590 & 0.000 & 1.000 \\ 185.953 & 184.417 & 0.000 & 1.000 \\ 88.776 & 180.459 & 0.000 & 1.000 \\ 239.771 & 172.459 & 0.000 & 1.000 \\ 292.102 & 182.142 & 0.000 & 1.000 \\ 146.822 & 134.760 & 0.000 & 1.000 \\ 281.517 & 104.613 & 0.000 & 1.000  \end{bmatrix}
END LEFT EYE


BEGIN RIGHT EYE:
P = \begin{bmatrix}1.000 & 0.000 & 0.000 & 0.000 \\ 0.000 & 1.000 & 0.000 & 0.000 \\ 0.000 & 0.000 & 0.000 & -1.000 \\ -0.050 & 0.000 & 0.000 & 1.000 \end{bmatrix}\\
T = \begin{bmatrix}1.000 & 0.000 & 0.000 & 0.000 \\ 0.000 & 1.000 & 0.000 & 0.000 \\ 0.000 & 0.000 & 1.000 & 0.000 \\ 0.000 & 0.000 & -2.000 & 1.000 \end{bmatrix}\\
Rx = \begin{bmatrix}1.000 & 0.000 & 0.000 & 0.000 \\ 0.000 & 0.952 & 0.305 & 0.000 \\ 0.000 & -0.305 & 0.952 & 0.000 \\ 0.000 & 0.000 & 0.000 & 1.000 \end{bmatrix}\\
Ry = \begin{bmatrix}0.823 & 0.000 & 0.567 & 0.000 \\ 0.000 & 1.000 & 0.000 & 0.000 \\ -0.567 & 0.000 & 0.823 & 0.000 \\ 0.000 & 0.000 & 0.000 & 1.000 \end{bmatrix}\\
CM = Rx * Ry * T * P = \begin{bmatrix}0.823 & -0.173 & 0.000 & -0.540 \\ 0.000 & 0.952 & 0.000 & -0.305 \\ -0.567 & -0.251 & 0.000 & -0.784 \\ -0.050 & 0.000 & 0.000 & 3.000 \end{bmatrix}\\
\begin{bmatrix}-1.000 & -1.000 & -1.000 & 1.000 \\ -1.000 & -1.000 & 1.000 & 1.000 \\ 1.000 & -1.000 & 1.000 & 1.000 \\ 1.000 & -1.000 & -1.000 & 1.000 \\ -1.000 & 1.000 & -1.000 & 1.000 \\ -1.000 & 1.000 & 1.000 & 1.000 \\ 1.000 & 1.000 & 1.000 & 1.000 \\ 1.000 & 1.000 & -1.000 & 1.000 \\ -1.000 & 1.500 & 0.000 & 1.000 \\ 1.000 & 1.500 & 0.000 & 1.000  \end{bmatrix}
 * CM = \begin{bmatrix}183.044 & 312.478 & 0.000 & 1.000 \\ 103.752 & 374.913 & 0.000 & 1.000 \\ 216.387 & 475.473 & 0.000 & 1.000 \\ 270.051 & 349.590 & 0.000 & 1.000 \\ 181.077 & 184.417 & 0.000 & 1.000 \\ 80.779 & 180.459 & 0.000 & 1.000 \\ 225.468 & 172.459 & 0.000 & 1.000 \\ 285.432 & 182.142 & 0.000 & 1.000 \\ 140.464 & 134.760 & 0.000 & 1.000 \\ 271.726 & 104.613 & 0.000 & 1.000  \end{bmatrix}
END RIGHT EYE


-------------- END EYES DATA ----------------
++++++++++++++++++++++ BEGIN EYES DATA ++++++++++++++++++++++
z = 0.00
d = 0.10
F = 1.00


rx = 0.31 (18 deg)
ry = -0.63 (-36 deg)


LEFT EYE:
P = \begin{bmatrix}1.000 & 0.000 & 0.000 & 0.000 \\ 0.000 & 1.000 & 0.000 & 0.000 \\ 0.000 & 0.000 & 0.000 & -1.000 \\ 0.050 & 0.000 & 0.000 & 1.000 \end{bmatrix}\\
T = \begin{bmatrix}1.000 & 0.000 & 0.000 & 0.000 \\ 0.000 & 1.000 & 0.000 & 0.000 \\ 0.000 & 0.000 & 1.000 & 0.000 \\ 0.000 & 0.000 & -2.000 & 1.000 \end{bmatrix}\\
Rx = \begin{bmatrix}1.000 & 0.000 & 0.000 & 0.000 \\ 0.000 & 0.952 & 0.305 & 0.000 \\ 0.000 & -0.305 & 0.952 & 0.000 \\ 0.000 & 0.000 & 0.000 & 1.000 \end{bmatrix}\\
Ry = \begin{bmatrix}0.808 & 0.000 & 0.589 & 0.000 \\ 0.000 & 1.000 & 0.000 & 0.000 \\ -0.589 & 0.000 & 0.808 & 0.000 \\ 0.000 & 0.000 & 0.000 & 1.000 \end{bmatrix}\\
CM = Rx * Ry * T * P = \begin{bmatrix}0.808 & -0.180 & 0.000 & -0.561 \\ 0.000 & 0.952 & 0.000 & -0.305 \\ -0.589 & -0.247 & 0.000 & -0.770 \\ 0.050 & 0.000 & 0.000 & 3.000 \end{bmatrix}\\
\begin{bmatrix}-1.000 & -1.000 & -1.000 & 1.000 \\ -1.000 & -1.000 & 1.000 & 1.000 \\ 1.000 & -1.000 & 1.000 & 1.000 \\ 1.000 & -1.000 & -1.000 & 1.000 \\ -1.000 & 1.000 & -1.000 & 1.000 \\ -1.000 & 1.000 & 1.000 & 1.000 \\ 1.000 & 1.000 & 1.000 & 1.000 \\ 1.000 & 1.000 & -1.000 & 1.000 \\ -1.000 & 1.500 & 0.000 & 1.000 \\ 1.000 & 1.500 & 0.000 & 1.000  \end{bmatrix}
 * CM = \begin{bmatrix}188.832 & 312.323 & 0.000 & 1.000 \\ 110.724 & 372.844 & 0.000 & 1.000 \\ 222.751 & 476.328 & 0.000 & 1.000 \\ 276.707 & 351.162 & 0.000 & 1.000 \\ 187.745 & 184.426 & 0.000 & 1.000 \\ 89.784 & 180.601 & 0.000 & 1.000 \\ 234.718 & 172.380 & 0.000 & 1.000 \\ 293.672 & 182.041 & 0.000 & 1.000 \\ 148.101 & 135.126 & 0.000 & 1.000 \\ 280.898 & 103.731 & 0.000 & 1.000  \end{bmatrix}
END LEFT EYE


BEGIN RIGHT EYE:
P = \begin{bmatrix}1.000 & 0.000 & 0.000 & 0.000 \\ 0.000 & 1.000 & 0.000 & 0.000 \\ 0.000 & 0.000 & 0.000 & -1.000 \\ -0.050 & 0.000 & 0.000 & 1.000 \end{bmatrix}\\
T = \begin{bmatrix}1.000 & 0.000 & 0.000 & 0.000 \\ 0.000 & 1.000 & 0.000 & 0.000 \\ 0.000 & 0.000 & 1.000 & 0.000 \\ 0.000 & 0.000 & -2.000 & 1.000 \end{bmatrix}\\
Rx = \begin{bmatrix}1.000 & 0.000 & 0.000 & 0.000 \\ 0.000 & 0.952 & 0.305 & 0.000 \\ 0.000 & -0.305 & 0.952 & 0.000 \\ 0.000 & 0.000 & 0.000 & 1.000 \end{bmatrix}\\
Ry = \begin{bmatrix}0.808 & 0.000 & 0.589 & 0.000 \\ 0.000 & 1.000 & 0.000 & 0.000 \\ -0.589 & 0.000 & 0.808 & 0.000 \\ 0.000 & 0.000 & 0.000 & 1.000 \end{bmatrix}\\
CM = Rx * Ry * T * P = \begin{bmatrix}0.808 & -0.180 & 0.000 & -0.561 \\ 0.000 & 0.952 & 0.000 & -0.305 \\ -0.589 & -0.247 & 0.000 & -0.770 \\ -0.050 & 0.000 & 0.000 & 3.000 \end{bmatrix}\\
\begin{bmatrix}-1.000 & -1.000 & -1.000 & 1.000 \\ -1.000 & -1.000 & 1.000 & 1.000 \\ 1.000 & -1.000 & 1.000 & 1.000 \\ 1.000 & -1.000 & -1.000 & 1.000 \\ -1.000 & 1.000 & -1.000 & 1.000 \\ -1.000 & 1.000 & 1.000 & 1.000 \\ 1.000 & 1.000 & 1.000 & 1.000 \\ 1.000 & 1.000 & -1.000 & 1.000 \\ -1.000 & 1.500 & 0.000 & 1.000 \\ 1.000 & 1.500 & 0.000 & 1.000  \end{bmatrix}
 * CM = \begin{bmatrix}184.604 & 312.323 & 0.000 & 1.000 \\ 104.394 & 372.844 & 0.000 & 1.000 \\ 212.826 & 476.328 & 0.000 & 1.000 \\ 271.130 & 351.162 & 0.000 & 1.000 \\ 182.876 & 184.426 & 0.000 & 1.000 \\ 81.899 & 180.601 & 0.000 & 1.000 \\ 220.353 & 172.380 & 0.000 & 1.000 \\ 286.923 & 182.041 & 0.000 & 1.000 \\ 141.784 & 135.126 & 0.000 & 1.000 \\ 271.006 & 103.731 & 0.000 & 1.000  \end{bmatrix}
END RIGHT EYE


-------------- END EYES DATA ----------------
++++++++++++++++++++++ BEGIN EYES DATA ++++++++++++++++++++++
z = 0.00
d = 0.10
F = 1.00


rx = 0.31 (18 deg)
ry = -0.66 (-38 deg)


LEFT EYE:
P = \begin{bmatrix}1.000 & 0.000 & 0.000 & 0.000 \\ 0.000 & 1.000 & 0.000 & 0.000 \\ 0.000 & 0.000 & 0.000 & -1.000 \\ 0.050 & 0.000 & 0.000 & 1.000 \end{bmatrix}\\
T = \begin{bmatrix}1.000 & 0.000 & 0.000 & 0.000 \\ 0.000 & 1.000 & 0.000 & 0.000 \\ 0.000 & 0.000 & 1.000 & 0.000 \\ 0.000 & 0.000 & -2.000 & 1.000 \end{bmatrix}\\
Rx = \begin{bmatrix}1.000 & 0.000 & 0.000 & 0.000 \\ 0.000 & 0.952 & 0.305 & 0.000 \\ 0.000 & -0.305 & 0.952 & 0.000 \\ 0.000 & 0.000 & 0.000 & 1.000 \end{bmatrix}\\
Ry = \begin{bmatrix}0.793 & 0.000 & 0.610 & 0.000 \\ 0.000 & 1.000 & 0.000 & 0.000 \\ -0.610 & 0.000 & 0.793 & 0.000 \\ 0.000 & 0.000 & 0.000 & 1.000 \end{bmatrix}\\
CM = Rx * Ry * T * P = \begin{bmatrix}0.793 & -0.186 & 0.000 & -0.581 \\ 0.000 & 0.952 & 0.000 & -0.305 \\ -0.610 & -0.242 & 0.000 & -0.755 \\ 0.050 & 0.000 & 0.000 & 3.000 \end{bmatrix}\\
\begin{bmatrix}-1.000 & -1.000 & -1.000 & 1.000 \\ -1.000 & -1.000 & 1.000 & 1.000 \\ 1.000 & -1.000 & 1.000 & 1.000 \\ 1.000 & -1.000 & -1.000 & 1.000 \\ -1.000 & 1.000 & -1.000 & 1.000 \\ -1.000 & 1.000 & 1.000 & 1.000 \\ 1.000 & 1.000 & 1.000 & 1.000 \\ 1.000 & 1.000 & -1.000 & 1.000 \\ -1.000 & 1.500 & 0.000 & 1.000 \\ 1.000 & 1.500 & 0.000 & 1.000  \end{bmatrix}
 * CM = \begin{bmatrix}190.388 & 312.191 & 0.000 & 1.000 \\ 111.345 & 370.813 & 0.000 & 1.000 \\ 219.172 & 477.056 & 0.000 & 1.000 \\ 277.814 & 352.772 & 0.000 & 1.000 \\ 189.538 & 184.434 & 0.000 & 1.000 \\ 90.845 & 180.739 & 0.000 & 1.000 \\ 229.577 & 172.313 & 0.000 & 1.000 \\ 295.220 & 181.937 & 0.000 & 1.000 \\ 149.391 & 135.480 & 0.000 & 1.000 \\ 280.194 & 102.847 & 0.000 & 1.000  \end{bmatrix}
END LEFT EYE


BEGIN RIGHT EYE:
P = \begin{bmatrix}1.000 & 0.000 & 0.000 & 0.000 \\ 0.000 & 1.000 & 0.000 & 0.000 \\ 0.000 & 0.000 & 0.000 & -1.000 \\ -0.050 & 0.000 & 0.000 & 1.000 \end{bmatrix}\\
T = \begin{bmatrix}1.000 & 0.000 & 0.000 & 0.000 \\ 0.000 & 1.000 & 0.000 & 0.000 \\ 0.000 & 0.000 & 1.000 & 0.000 \\ 0.000 & 0.000 & -2.000 & 1.000 \end{bmatrix}\\
Rx = \begin{bmatrix}1.000 & 0.000 & 0.000 & 0.000 \\ 0.000 & 0.952 & 0.305 & 0.000 \\ 0.000 & -0.305 & 0.952 & 0.000 \\ 0.000 & 0.000 & 0.000 & 1.000 \end{bmatrix}\\
Ry = \begin{bmatrix}0.793 & 0.000 & 0.610 & 0.000 \\ 0.000 & 1.000 & 0.000 & 0.000 \\ -0.610 & 0.000 & 0.793 & 0.000 \\ 0.000 & 0.000 & 0.000 & 1.000 \end{bmatrix}\\
CM = Rx * Ry * T * P = \begin{bmatrix}0.793 & -0.186 & 0.000 & -0.581 \\ 0.000 & 0.952 & 0.000 & -0.305 \\ -0.610 & -0.242 & 0.000 & -0.755 \\ -0.050 & 0.000 & 0.000 & 3.000 \end{bmatrix}\\
\begin{bmatrix}-1.000 & -1.000 & -1.000 & 1.000 \\ -1.000 & -1.000 & 1.000 & 1.000 \\ 1.000 & -1.000 & 1.000 & 1.000 \\ 1.000 & -1.000 & -1.000 & 1.000 \\ -1.000 & 1.000 & -1.000 & 1.000 \\ -1.000 & 1.000 & 1.000 & 1.000 \\ 1.000 & 1.000 & 1.000 & 1.000 \\ 1.000 & 1.000 & -1.000 & 1.000 \\ -1.000 & 1.500 & 0.000 & 1.000 \\ 1.000 & 1.500 & 0.000 & 1.000  \end{bmatrix}
 * CM = \begin{bmatrix}186.164 & 312.191 & 0.000 & 1.000 \\ 105.085 & 370.813 & 0.000 & 1.000 \\ 209.222 & 477.056 & 0.000 & 1.000 \\ 272.180 & 352.772 & 0.000 & 1.000 \\ 184.675 & 184.434 & 0.000 & 1.000 \\ 83.069 & 180.739 & 0.000 & 1.000 \\ 215.159 & 172.313 & 0.000 & 1.000 \\ 288.388 & 181.937 & 0.000 & 1.000 \\ 143.115 & 135.480 & 0.000 & 1.000 \\ 270.202 & 102.847 & 0.000 & 1.000  \end{bmatrix}
END RIGHT EYE


-------------- END EYES DATA ----------------
++++++++++++++++++++++ BEGIN EYES DATA ++++++++++++++++++++++
z = 0.00
d = 0.10
F = 1.00


rx = 0.31 (18 deg)
ry = -0.68 (-39 deg)


LEFT EYE:
P = \begin{bmatrix}1.000 & 0.000 & 0.000 & 0.000 \\ 0.000 & 1.000 & 0.000 & 0.000 \\ 0.000 & 0.000 & 0.000 & -1.000 \\ 0.050 & 0.000 & 0.000 & 1.000 \end{bmatrix}\\
T = \begin{bmatrix}1.000 & 0.000 & 0.000 & 0.000 \\ 0.000 & 1.000 & 0.000 & 0.000 \\ 0.000 & 0.000 & 1.000 & 0.000 \\ 0.000 & 0.000 & -2.000 & 1.000 \end{bmatrix}\\
Rx = \begin{bmatrix}1.000 & 0.000 & 0.000 & 0.000 \\ 0.000 & 0.952 & 0.305 & 0.000 \\ 0.000 & -0.305 & 0.952 & 0.000 \\ 0.000 & 0.000 & 0.000 & 1.000 \end{bmatrix}\\
Ry = \begin{bmatrix}0.776 & 0.000 & 0.630 & 0.000 \\ 0.000 & 1.000 & 0.000 & 0.000 \\ -0.630 & 0.000 & 0.776 & 0.000 \\ 0.000 & 0.000 & 0.000 & 1.000 \end{bmatrix}\\
CM = Rx * Ry * T * P = \begin{bmatrix}0.776 & -0.192 & 0.000 & -0.600 \\ 0.000 & 0.952 & 0.000 & -0.305 \\ -0.630 & -0.237 & 0.000 & -0.739 \\ 0.050 & 0.000 & 0.000 & 3.000 \end{bmatrix}\\
\begin{bmatrix}-1.000 & -1.000 & -1.000 & 1.000 \\ -1.000 & -1.000 & 1.000 & 1.000 \\ 1.000 & -1.000 & 1.000 & 1.000 \\ 1.000 & -1.000 & -1.000 & 1.000 \\ -1.000 & 1.000 & -1.000 & 1.000 \\ -1.000 & 1.000 & 1.000 & 1.000 \\ 1.000 & 1.000 & 1.000 & 1.000 \\ 1.000 & 1.000 & -1.000 & 1.000 \\ -1.000 & 1.500 & 0.000 & 1.000 \\ 1.000 & 1.500 & 0.000 & 1.000  \end{bmatrix}
